Corn for Grain Price per Bushel and Value of Production – States and United States: 2019-2021
             State                                               Price per bushel                                                                  Value of production
                                             2019                        2020                       2021 1                       2019                        2020                       2021 1
                                           (dollars)                   (dollars)                   (dollars)               (1,000 dollars)            (1,000 dollars)             (1,000 dollars)
Alabama  .......................                       3.99                        5.14                       5.90                   178,892                     259,878                     331,787
Arizona  .........................                     5.40                        5.40                       6.60                     46,154                      31,633                      21,503
Arkansas  .......................                      3.86                        4.49                       5.40                   496,493                     499,827                     824,688
California  ......................                     4.60                        4.75                       6.15                     46,368                      53,295                      57,810
Colorado  .......................                      3.68                        4.62                       5.70                   588,432                     568,075                     845,595
Delaware  ......................                       4.30                        5.60                       5.95                   124,614                     157,696                     188,306
Florida  ...........................                   4.39                        5.67                       6.05                     38,167                      47,730                      70,277
Georgia  .........................                     4.53                        5.08                       5.80                   253,680                     356,616                     469,742
Idaho .............................                    4.47                        4.80                       5.90                   137,453                     124,176                     148,680
Illinois ............................                  3.55                        4.46                       5.40                 6,554,010                   9,455,646                 11,835,180

Indiana  ..........................                    3.84                        4.65                       5.45                 3,127,987                   4,565,138                   5,600,693
Iowa  ..............................                   3.50                        4.64                       5.45                 9,043,650                 10,594,512                  13,909,763
Kansas  ..........................                     3.56                        4.35                       5.55                 2,850,350                   3,334,188                   4,165,830
Kentucky  .......................                      3.92                        4.52                       5.35                   960,596                   1,131,085                   1,479,168
Louisiana  ......................                      3.86                        3.74                       5.20                   347,111                     328,316                     537,654
Maryland  .......................                      4.30                        5.60                       5.95                   318,458                     373,240                     442,531
Michigan  .......................                      3.73                        4.72                       5.35                   882,779                   1,437,098                   1,852,491
Minnesota  .....................                       3.26                        4.52                       5.35                 4,088,855                   6,483,533                   7,466,032
Mississippi  ....................                      3.86                        4.03                       5.25                   416,417                     355,446                     665,175
Missouri  ........................                     3.67                        4.59                       5.50                 1,700,862                   2,574,439                   3,018,400

Montana  ........................                      3.70                        4.40                       5.30                     21,090                      29,256                      31,800
Nebraska  ......................                       3.52                        4.47                       5.40                 6,284,678                   7,957,494                 10,015,056
New Jersey  ...................                        4.30                        5.70                       6.10                     45,322                      64,912                      71,590
New Mexico  ..................                         4.40                        4.70                       5.70                     28,512                      33,911                      40,903
New York  ......................                       4.20                        6.10                       6.50                   361,662                     478,850                     635,018
North Carolina  ...............                        4.41                        4.70                       5.95                   455,244                     499,234                     802,328
North Dakota  .................                        3.07                        4.44                       5.30                 1,258,792                   1,098,545                   2,020,095
Ohio  ..............................                   3.91                        4.69                       5.45                 1,647,987                   2,646,567                   3,513,179
Oklahoma  .....................                        4.00                        4.35                       5.65                   180,840                     187,920                     250,013
Oregon  ..........................                     4.34                        5.45                       6.10                     50,400                      85,374                      80,520

Pennsylvania  ................                         4.13                        5.51                       6.05                   669,803                     760,380                   1,012,226
South Carolina  ..............                         4.64                        4.36                       5.90                   172,144                     212,942                     311,638
South Dakota  ................                         3.32                        4.37                       5.60                 1,850,170                   3,150,333                   4,142,880
Tennessee  ....................                        3.78                        4.70                       5.45                   608,845                     651,185                     889,440
Texas  ............................                    4.20                        4.52                       6.00                 1,200,990                   1,047,194                   1,420,800
Utah  ..............................                   4.30                        5.35                       6.00                     15,987                      23,117                      20,406
Virginia  ..........................                   4.10                        5.10                       5.70                   224,352                     261,324                     337,440
Washington  ...................                        4.13                        4.70                       5.80                     88,093                      91,086                    122,264
West Virginia  .................                       4.10                        4.70                       5.40                     25,707                      25,718                      29,549
Wisconsin  .....................                       3.43                        4.44                       5.20                 1,520,245                   2,250,592                   2,845,440
Wyoming  .......................                       3.45                        3.95                       5.25                     28,431                      26,023                      54,747

United States  ................                        3.56                        4.53                       5.45               48,940,622                  64,313,524                  82,578,637
 1 Preliminary.


























16                                                                                                                                         Crop Values 2021 Summary (February 2022)
                                                                                                                                             USDA, National Agricultural Statistics Service